Program: faissGPU Topk: 1000 Num_split: 1 Batch: 128
L	m	k_star	|	w	Metric
800	1	256	|	1	-1	dot_product
0.0013 %	0.00528 %	0.024479 %	0.059248 %	[ 144.49310303  158.44774246  169.75307465  203.06444168  237.28299141
  268.39017868  348.0322361   372.44725227  377.95138359  390.40541649
  441.89858437  510.10894775  533.06007385  527.93955803  565.56391716
  680.03058434  828.78232002  964.14232254 1044.24500465 1211.34734154
 1396.07739449 1549.75485802 1749.3417263  2243.65305901 2852.21529007
 3505.97167015 4300.00710487]
800	1	256	|	2	-1	dot_product
0.0008 %	0.00565 %	0.026824 %	0.073391 %	[ 144.49310303  158.44774246  169.75307465  203.06444168  237.28299141
  268.39017868  348.0322361   372.44725227  377.95138359  390.40541649
  441.89858437  510.10894775  533.06007385  527.93955803  565.56391716
  680.03058434  828.78232002  964.14232254 1044.24500465 1211.34734154
 1396.07739449 1549.75485802 1749.3417263  2243.65305901 2852.21529007
 3505.97167015 4300.00710487]
800	1	256	|	4	-1	dot_product
0.0009 %	0.00567 %	0.028193 %	0.0840099 %	[ 144.49310303  158.44774246  169.75307465  203.06444168  237.28299141
  268.39017868  348.0322361   372.44725227  377.95138359  390.40541649
  441.89858437  510.10894775  533.06007385  527.93955803  565.56391716
  680.03058434  828.78232002  964.14232254 1044.24500465 1211.34734154
 1396.07739449 1549.75485802 1749.3417263  2243.65305901 2852.21529007
 3505.97167015 4300.00710487]
800	1	256	|	8	-1	dot_product
0.0008 %	0.00572 %	0.028521 %	0.0875159 %	[ 144.49310303  158.44774246  169.75307465  203.06444168  237.28299141
  268.39017868  348.0322361   372.44725227  377.95138359  390.40541649
  441.89858437  510.10894775  533.06007385  527.93955803  565.56391716
  680.03058434  828.78232002  964.14232254 1044.24500465 1211.34734154
 1396.07739449 1549.75485802 1749.3417263  2243.65305901 2852.21529007
 3505.97167015 4300.00710487]
800	1	256	|	16	-1	dot_product
0.0013 %	0.00574 %	0.028006 %	0.0871111 %	[ 144.49310303  158.44774246  169.75307465  203.06444168  237.28299141
  268.39017868  348.0322361   372.44725227  377.95138359  390.40541649
  441.89858437  510.10894775  533.06007385  527.93955803  565.56391716
  680.03058434  828.78232002  964.14232254 1044.24500465 1211.34734154
 1396.07739449 1549.75485802 1749.3417263  2243.65305901 2852.21529007
 3505.97167015 4300.00710487]
800	1	256	|	25	-1	dot_product
0.0012 %	0.00567 %	0.028079 %	0.0867251 %	[ 144.49310303  158.44774246  169.75307465  203.06444168  237.28299141
  268.39017868  348.0322361   372.44725227  377.95138359  390.40541649
  441.89858437  510.10894775  533.06007385  527.93955803  565.56391716
  680.03058434  828.78232002  964.14232254 1044.24500465 1211.34734154
 1396.07739449 1549.75485802 1749.3417263  2243.65305901 2852.21529007
 3505.97167015 4300.00710487]
800	1	256	|	30	-1	dot_product
0.0012 %	0.00566 %	0.028069 %	0.0866502 %	[ 144.49310303  158.44774246  169.75307465  203.06444168  237.28299141
  268.39017868  348.0322361   372.44725227  377.95138359  390.40541649
  441.89858437  510.10894775  533.06007385  527.93955803  565.56391716
  680.03058434  828.78232002  964.14232254 1044.24500465 1211.34734154
 1396.07739449 1549.75485802 1749.3417263  2243.65305901 2852.21529007
 3505.97167015 4300.00710487]
800	1	256	|	35	-1	dot_product
0.0012 %	0.00551 %	0.028053 %	0.0865662 %	[ 144.49310303  158.44774246  169.75307465  203.06444168  237.28299141
  268.39017868  348.0322361   372.44725227  377.95138359  390.40541649
  441.89858437  510.10894775  533.06007385  527.93955803  565.56391716
  680.03058434  828.78232002  964.14232254 1044.24500465 1211.34734154
 1396.07739449 1549.75485802 1749.3417263  2243.65305901 2852.21529007
 3505.97167015 4300.00710487]
800	1	256	|	40	-1	dot_product
0.0012 %	0.00555 %	0.028013 %	0.0865209 %	[ 144.49310303  158.44774246  169.75307465  203.06444168  237.28299141
  268.39017868  348.0322361   372.44725227  377.95138359  390.40541649
  441.89858437  510.10894775  533.06007385  527.93955803  565.56391716
  680.03058434  828.78232002  964.14232254 1044.24500465 1211.34734154
 1396.07739449 1549.75485802 1749.3417263  2243.65305901 2852.21529007
 3505.97167015 4300.00710487]
800	1	256	|	45	-1	dot_product
0.0012 %	0.00555 %	0.028012 %	0.0864741 %	[ 144.49310303  158.44774246  169.75307465  203.06444168  237.28299141
  268.39017868  348.0322361   372.44725227  377.95138359  390.40541649
  441.89858437  510.10894775  533.06007385  527.93955803  565.56391716
  680.03058434  828.78232002  964.14232254 1044.24500465 1211.34734154
 1396.07739449 1549.75485802 1749.3417263  2243.65305901 2852.21529007
 3505.97167015 4300.00710487]
800	1	256	|	50	-1	dot_product
0.0012 %	0.00562 %	0.028049 %	0.0864959 %	[ 144.49310303  158.44774246  169.75307465  203.06444168  237.28299141
  268.39017868  348.0322361   372.44725227  377.95138359  390.40541649
  441.89858437  510.10894775  533.06007385  527.93955803  565.56391716
  680.03058434  828.78232002  964.14232254 1044.24500465 1211.34734154
 1396.07739449 1549.75485802 1749.3417263  2243.65305901 2852.21529007
 3505.97167015 4300.00710487]
800	1	256	|	55	-1	dot_product
0.0012 %	0.00562 %	0.028049 %	0.0864897 %	[ 144.49310303  158.44774246  169.75307465  203.06444168  237.28299141
  268.39017868  348.0322361   372.44725227  377.95138359  390.40541649
  441.89858437  510.10894775  533.06007385  527.93955803  565.56391716
  680.03058434  828.78232002  964.14232254 1044.24500465 1211.34734154
 1396.07739449 1549.75485802 1749.3417263  2243.65305901 2852.21529007
 3505.97167015 4300.00710487]
800	1	256	|	60	-1	dot_product
0.0012 %	0.00558 %	0.028052 %	0.0864443 %	[ 144.49310303  158.44774246  169.75307465  203.06444168  237.28299141
  268.39017868  348.0322361   372.44725227  377.95138359  390.40541649
  441.89858437  510.10894775  533.06007385  527.93955803  565.56391716
  680.03058434  828.78232002  964.14232254 1044.24500465 1211.34734154
 1396.07739449 1549.75485802 1749.3417263  2243.65305901 2852.21529007
 3505.97167015 4300.00710487]
800	1	256	|	65	-1	dot_product
0.0012 %	0.00558 %	0.02802 %	0.0864548 %	[ 144.49310303  158.44774246  169.75307465  203.06444168  237.28299141
  268.39017868  348.0322361   372.44725227  377.95138359  390.40541649
  441.89858437  510.10894775  533.06007385  527.93955803  565.56391716
  680.03058434  828.78232002  964.14232254 1044.24500465 1211.34734154
 1396.07739449 1549.75485802 1749.3417263  2243.65305901 2852.21529007
 3505.97167015 4300.00710487]
800	1	256	|	75	-1	dot_product
0.0012 %	0.00553 %	0.028004 %	0.0864563 %	[ 144.49310303  158.44774246  169.75307465  203.06444168  237.28299141
  268.39017868  348.0322361   372.44725227  377.95138359  390.40541649
  441.89858437  510.10894775  533.06007385  527.93955803  565.56391716
  680.03058434  828.78232002  964.14232254 1044.24500465 1211.34734154
 1396.07739449 1549.75485802 1749.3417263  2243.65305901 2852.21529007
 3505.97167015 4300.00710487]
800	1	256	|	90	-1	dot_product
0.0012 %	0.00554 %	0.028018 %	0.0864451 %	[ 144.49310303  158.44774246  169.75307465  203.06444168  237.28299141
  268.39017868  348.0322361   372.44725227  377.95138359  390.40541649
  441.89858437  510.10894775  533.06007385  527.93955803  565.56391716
  680.03058434  828.78232002  964.14232254 1044.24500465 1211.34734154
 1396.07739449 1549.75485802 1749.3417263  2243.65305901 2852.21529007
 3505.97167015 4300.00710487]
800	1	256	|	110	-1	dot_product
0.0012 %	0.00555 %	0.028005 %	0.086442 %	[ 144.49310303  158.44774246  169.75307465  203.06444168  237.28299141
  268.39017868  348.0322361   372.44725227  377.95138359  390.40541649
  441.89858437  510.10894775  533.06007385  527.93955803  565.56391716
  680.03058434  828.78232002  964.14232254 1044.24500465 1211.34734154
 1396.07739449 1549.75485802 1749.3417263  2243.65305901 2852.21529007
 3505.97167015 4300.00710487]
800	1	256	|	130	-1	dot_product
0.0012 %	0.00555 %	0.028019 %	0.086441 %	[ 144.49310303  158.44774246  169.75307465  203.06444168  237.28299141
  268.39017868  348.0322361   372.44725227  377.95138359  390.40541649
  441.89858437  510.10894775  533.06007385  527.93955803  565.56391716
  680.03058434  828.78232002  964.14232254 1044.24500465 1211.34734154
 1396.07739449 1549.75485802 1749.3417263  2243.65305901 2852.21529007
 3505.97167015 4300.00710487]
